[PARAMETERS]
initial_capital = 100000
start_year_month = 2015-01
rebalance_freq = A
output_currency = BRL

[ALLOCATION]
btc-usd = 0.0300000000
bvsp-ibovespa = 0.2182000000
gspc-sp500 = 0.2425000000
irx-rf-usa-curto-prazo = 0.2122000000
selic_mensal = 0.1455000000
xau-ouro = 0.1516000000

[PERFORMANCE_FACTOR]
btc-usd = 1
bvsp-ibovespa = 1.3
gspc-sp500 = 1
irx-rf-usa-curto-prazo = 1
selic_mensal = 1
xau-ouro = 1

