[PARAMETERS]
initial_capital = 200000.0
start_year_month = 2015-01
rebalance_freq = M
output_currency = BRL

[ALLOCATION]
bvsp-ibovespa = 0.0600000000
gspc-sp500 = 0.0350000000
ifix.sa = 0.0300000000
irx-rf-usa-curto-prazo = 0.2425000000
selic_mensal = 0.1800000000
tlt = 0.0700000000
vnq = 0.1750000000
xau-ouro = 0.2075000000

[DATA_COLUMNS]
usd_column = Adjusted Close

[PERFORMANCE_FACTOR]
bvsp-ibovespa = 1.3
gspc-sp500 = 1.0
ifix.sa = 1.0
irx-rf-usa-curto-prazo = 1.0
selic_mensal = 1.0
tlt = 1.0
vnq = 1.0
xau-ouro = 1.0

